N: 3000 
dt: 0.001 
t0: 0.0, tf= 3.0 
z0: [1.0, 205.0] 
position_min: 1.0, position_max: 638.8827408531024 
velocity_min: 205.0, velocity_max: 219.9693794596126 
