N: 2000 
dt: 0.001 
t0: 0.0, tf= 2.0 
z0: [1.0, 200.0] 
position_min: 1.0, position_max: 412.12211501463355 
velocity_min: 200.0, velocity_max: 210.99059263749996 
