N: 10000 
dt: 0.001 
t0: 0.0, tf= 10.0 
z0: [0.0, 50.0] 
position_min: 0.0, position_max: 989.9922260178455 
velocity_min: 50.0, velocity_max: 145.41489912050497 
