N: 2000 
dt: 0.001 
t0: 0.0, tf= 2.0 
z0: [1.0, 25.0] 
position_min: 1.0, position_max: 71.69613629714395 
velocity_min: 25.0, velocity_max: 46.84834523814355 
