N: 5000 
dt: 0.001 
t0: 0.0, tf= 5.0 
z0: [0.0, 5.0] 
position_min: 0.0, position_max: 80.12548949136217 
velocity_min: 5.0, velocity_max: 34.6964269343536 
