N: 3000 
dt: 0.001 
t0: 0.0, tf= 3.0 
z0: [1.0, 210.0] 
position_min: 1.0, position_max: 652.6550515896972 
velocity_min: 210.0, velocity_max: 224.400318692856 
