N: 3000 
dt: 0.001 
t0: 0.0, tf= 3.0 
z0: [1.0, 240.0] 
position_min: 1.0, position_max: 774.1523107808914 
velocity_min: 240.0, velocity_max: 296.9989684675497 
