N: 5000 
dt: 0.001 
t0: 0.0, tf= 5.0 
z0: [0.0, 10.0] 
position_min: 0.0, position_max: 127.11680165498097 
velocity_min: 10.0, velocity_max: 50.27977865315654 
