N: 10000 
dt: 0.001 
t0: 0.0, tf= 10.0 
z0: [10.0, 100.0] 
position_min: 10.0, position_max: 1825.727297959274 
velocity_min: 100.0, velocity_max: 246.31037001481974 
