N: 3000 
dt: 0.001 
t0: 0.0, tf= 3.0 
z0: [1.0, 230.0] 
position_min: 1.0, position_max: 718.8119714734871 
velocity_min: 230.0, velocity_max: 251.58073751134728 
