N: 2000 
dt: 0.001 
t0: 0.0, tf= 2.0 
z0: [1.0, 150.0] 
position_min: 1.0, position_max: 320.74726502569297 
velocity_min: 150.0, velocity_max: 169.61451363651736 
