N: 2000 
dt: 0.001 
t0: 0.0, tf= 2.0 
z0: [1.0, 75.0] 
position_min: 1.0, position_max: 169.31401746598664 
velocity_min: 75.0, velocity_max: 92.85177344878319 
