N: 2000 
dt: 0.001 
t0: 0.0, tf= 2.0 
z0: [1.0, 105.0] 
position_min: 1.0, position_max: 228.22987539092176 
velocity_min: 105.0, velocity_max: 122.66439003172897 
