N: 2000 
dt: 0.001 
t0: 0.0, tf= 2.0 
z0: [1.0, 180.0] 
position_min: 1.0, position_max: 376.28891630285557 
velocity_min: 180.0, velocity_max: 194.9094758796819 
