N: 4000 
dt: 0.001 
t0: 0.0, tf= 4.0 
z0: [0.0, 200.0] 
position_min: 0.0, position_max: 842.8395603996992 
velocity_min: 200.0, velocity_max: 220.6085957581114 
