N: 2000 
dt: 0.001 
t0: 0.0, tf= 2.0 
z0: [1.0, 55.0] 
position_min: 1.0, position_max: 133.61001717403582 
velocity_min: 55.0, velocity_max: 76.884913019315 
