N: 2000 
dt: 0.001 
t0: 0.0, tf= 2.0 
z0: [1.0, 15.0] 
position_min: 1.0, position_max: 45.43607048693626 
velocity_min: 15.0, velocity_max: 31.022529392650817 
