N: 2000 
dt: 0.001 
t0: 0.0, tf= 2.0 
z0: [1.0, 95.0] 
position_min: 1.0, position_max: 207.5085510773362 
velocity_min: 95.0, velocity_max: 111.77234392943365 
