N: 5000 
dt: 0.001 
t0: 0.0, tf= 5.0 
z0: [0.0, 100.0] 
position_min: 0.0, position_max: 799.5861215806204 
velocity_min: 100.0, velocity_max: 226.9174122930564 
