N: 2000 
dt: 0.001 
t0: 0.0, tf= 2.0 
z0: [1.0, 85.0] 
position_min: 1.0, position_max: 187.78903203725895 
velocity_min: 85.0, velocity_max: 101.73284921986081 
