N: 1000 
dt: 0.001 
t0: 0.0, tf= 1.0 
z0: [10.0, 220.0] 
position_min: 10.0, position_max: 237.11449976725322 
velocity_min: 220.0, velocity_max: 234.15056434977598 
