N: 5000 
dt: 0.001 
t0: 0.0, tf= 5.0 
z0: [0.0, 50.0] 
position_min: 0.0, position_max: 460.01790463687917 
velocity_min: 50.0, velocity_max: 142.8411040775531 
