N: 5000 
dt: 0.001 
t0: 0.0, tf= 5.0 
z0: [0.0, 150.0] 
position_min: 0.0, position_max: 1094.3206731179635 
velocity_min: 150.0, velocity_max: 283.7335800490034 
